<?xml version="1.0" encoding="UTF-8" standalone="no" ?>
<COLLADA xmlns="http://www.collada.org/2005/11/COLLADASchema" version="1.4.1">
    <asset>
        <contributor>
            <authoring_tool>Google SketchUp 8.0.14345</authoring_tool>
        </contributor>
        <created>2016-07-24T01:25:28Z</created>
        <modified>2016-07-24T01:25:28Z</modified>
        <unit meter="0.0254000" name="inch" />
        <up_axis>Z_UP</up_axis>
    </asset>
    <library_visual_scenes>
        <visual_scene id="ID1">
            <node name="SketchUp">
                <instance_geometry url="#ID716">
                    <bind_material>
                        <technique_common>
                            <instance_material symbol="Material2" target="#ID717">
                                <bind_vertex_input semantic="UVSET0" input_semantic="TEXCOORD" input_set="0" />
                            </instance_material>
                        </technique_common>
                    </bind_material>
                </instance_geometry>
                <node id="ID2" name="group_0">
                    <matrix>1.0000000 0.0000000 0.0000000 -9.1374494 0.0000000 1.0000000 0.0000000 42.6199034 0.0000000 0.0000000 1.0000000 0.0000000 0.0000000 0.0000000 0.0000000 1.0000000</matrix>
                    <instance_geometry url="#ID3">
                        <bind_material>
                            <technique_common>
                                <instance_material symbol="Material2" target="#ID4">
                                    <bind_vertex_input semantic="UVSET0" input_semantic="TEXCOORD" input_set="0" />
                                </instance_material>
                            </technique_common>
                        </bind_material>
                    </instance_geometry>
                </node>
                <node id="ID16" name="instance_0">
                    <matrix>0.4200000 0.0000000 0.0000000 1070.2142973 0.0000000 0.4200000 0.0000000 585.5851542 0.0000000 0.0000000 0.4200000 -55.5654459 0.0000000 0.0000000 0.0000000 1.0000000</matrix>
                    <instance_node url="#ID17" />
                </node>
                <node id="ID152" name="instance_57">
                    <matrix>0.4200000 0.0000000 0.0000000 1136.4533403 0.0000000 0.4200000 0.0000000 714.4658807 0.0000000 0.0000000 0.4200000 -86.3154459 0.0000000 0.0000000 0.0000000 1.0000000</matrix>
                    <instance_node url="#ID17" />
                </node>
                <node id="ID153" name="instance_58">
                    <matrix>1.0000000 0.0000000 0.0000000 830.5188991 0.0000000 1.0000000 0.0000000 389.7028525 0.0000000 0.0000000 1.0000000 -29.4401387 0.0000000 0.0000000 0.0000000 1.0000000</matrix>
                    <instance_node url="#ID154" />
                </node>
                <node id="ID229" name="instance_59">
                    <matrix>1.0000000 0.0000000 0.0000000 821.3694484 0.0000000 1.0000000 0.0000000 405.8108535 0.0000000 0.0000000 1.0000000 -25.8154459 0.0000000 0.0000000 0.0000000 1.0000000</matrix>
                    <instance_node url="#ID154" />
                </node>
                <node id="ID230" name="instance_60">
                    <matrix>1.0000000 0.0000000 0.0000000 841.8307301 0.0000000 1.0000000 0.0000000 398.1336453 0.0000000 0.0000000 1.0000000 -29.4401387 0.0000000 0.0000000 0.0000000 1.0000000</matrix>
                    <instance_node url="#ID154" />
                </node>
                <node id="ID231" name="instance_61">
                    <matrix>1.0000000 0.0000000 0.0000000 890.4856635 0.0000000 1.0000000 0.0000000 376.5462067 0.0000000 0.0000000 1.0000000 -18.6963700 0.0000000 0.0000000 0.0000000 1.0000000</matrix>
                    <instance_node url="#ID154" />
                </node>
                <node id="ID232" name="instance_62">
                    <matrix>1.0000000 0.0000000 0.0000000 928.8982250 0.0000000 1.0000000 0.0000000 371.8160174 0.0000000 0.0000000 1.0000000 -12.8777255 0.0000000 0.0000000 0.0000000 1.0000000</matrix>
                    <instance_node url="#ID154" />
                </node>
                <node id="ID233" name="instance_63">
                    <matrix>1.0000000 0.0000000 0.0000000 907.5936563 0.0000000 1.0000000 0.0000000 389.0213378 0.0000000 0.0000000 1.0000000 -25.4858460 0.0000000 0.0000000 0.0000000 1.0000000</matrix>
                    <instance_node url="#ID154" />
                </node>
                <node id="ID234" name="instance_64">
                    <matrix>1.0000000 0.0000000 0.0000000 876.3274617 0.0000000 1.0000000 0.0000000 391.6562170 0.0000000 0.0000000 1.0000000 -29.4401387 0.0000000 0.0000000 0.0000000 1.0000000</matrix>
                    <instance_node url="#ID154" />
                </node>
                <node id="ID235" name="instance_65">
                    <matrix>1.0000000 0.0000000 0.0000000 928.8982250 0.0000000 1.0000000 0.0000000 398.1336453 0.0000000 0.0000000 1.0000000 -29.8086814 0.0000000 0.0000000 0.0000000 1.0000000</matrix>
                    <instance_node url="#ID154" />
                </node>
                <node id="ID236" name="instance_66">
                    <matrix>1.0000000 0.0000000 0.0000000 940.0057098 0.0000000 1.0000000 0.0000000 387.0261605 0.0000000 0.0000000 1.0000000 -22.3964524 0.0000000 0.0000000 0.0000000 1.0000000</matrix>
                    <instance_node url="#ID154" />
                </node>
                <node id="ID237" name="instance_67">
                    <matrix>1.0000000 0.0000000 0.0000000 909.6266288 0.0000000 1.0000000 0.0000000 403.7303224 0.0000000 0.0000000 1.0000000 -29.4401387 0.0000000 0.0000000 0.0000000 1.0000000</matrix>
                    <instance_node url="#ID154" />
                </node>
                <node id="ID238" name="instance_68">
                    <matrix>1.0000000 0.0000000 0.0000000 901.6607055 0.0000000 1.0000000 0.0000000 401.1808730 0.0000000 0.0000000 1.0000000 -25.8154459 0.0000000 0.0000000 0.0000000 1.0000000</matrix>
                    <instance_node url="#ID154" />
                </node>
                <node id="ID239" name="instance_69">
                    <matrix>1.0000000 0.0000000 0.0000000 860.6274191 0.0000000 1.0000000 0.0000000 410.5151764 0.0000000 0.0000000 1.0000000 -25.8154459 0.0000000 0.0000000 0.0000000 1.0000000</matrix>
                    <instance_node url="#ID154" />
                </node>
                <node id="ID240" name="instance_70">
                    <matrix>1.0000000 0.0000000 0.0000000 894.5829765 0.0000000 1.0000000 0.0000000 413.1157777 0.0000000 0.0000000 1.0000000 -37.5533108 0.0000000 0.0000000 0.0000000 1.0000000</matrix>
                    <instance_node url="#ID154" />
                </node>
                <node id="ID241" name="instance_71">
                    <matrix>1.0000000 0.0000000 0.0000000 828.8200503 0.0000000 1.0000000 0.0000000 422.2280851 0.0000000 0.0000000 1.0000000 -41.5076034 0.0000000 0.0000000 0.0000000 1.0000000</matrix>
                    <instance_node url="#ID154" />
                </node>
                <node id="ID242" name="instance_72">
                    <matrix>1.0000000 0.0000000 0.0000000 915.8875452 0.0000000 1.0000000 0.0000000 395.9104573 0.0000000 0.0000000 1.0000000 -24.9451903 0.0000000 0.0000000 0.0000000 1.0000000</matrix>
                    <instance_node url="#ID154" />
                </node>
                <node id="ID243" name="instance_73">
                    <matrix>1.0000000 0.0000000 0.0000000 835.3402099 0.0000000 1.0000000 0.0000000 449.8629621 0.0000000 0.0000000 1.0000000 -41.5076034 0.0000000 0.0000000 0.0000000 1.0000000</matrix>
                    <instance_node url="#ID154" />
                </node>
                <node id="ID244" name="instance_74">
                    <matrix>1.0000000 0.0000000 0.0000000 817.5082193 0.0000000 1.0000000 0.0000000 413.7972924 0.0000000 0.0000000 1.0000000 -41.5076034 0.0000000 0.0000000 0.0000000 1.0000000</matrix>
                    <instance_node url="#ID154" />
                </node>
                <node id="ID245" name="instance_75">
                    <matrix>1.0000000 0.0000000 0.0000000 877.4749838 0.0000000 1.0000000 0.0000000 400.6406466 0.0000000 0.0000000 1.0000000 -30.7638347 0.0000000 0.0000000 0.0000000 1.0000000</matrix>
                    <instance_node url="#ID154" />
                </node>
                <node id="ID246" name="instance_76">
                    <matrix>1.0000000 0.0000000 0.0000000 896.6159491 0.0000000 1.0000000 0.0000000 427.8247623 0.0000000 0.0000000 1.0000000 -41.5076034 0.0000000 0.0000000 0.0000000 1.0000000</matrix>
                    <instance_node url="#ID154" />
                </node>
                <node id="ID247" name="instance_77">
                    <matrix>1.0000000 0.0000000 0.0000000 926.9950300 0.0000000 1.0000000 0.0000000 411.1206003 0.0000000 0.0000000 1.0000000 -34.4639171 0.0000000 0.0000000 0.0000000 1.0000000</matrix>
                    <instance_node url="#ID154" />
                </node>
                <node id="ID248" name="instance_78">
                    <matrix>1.0000000 0.0000000 0.0000000 796.0822393 0.0000000 1.0000000 0.0000000 445.1586392 0.0000000 0.0000000 1.0000000 -41.5076034 0.0000000 0.0000000 0.0000000 1.0000000</matrix>
                    <instance_node url="#ID154" />
                </node>
                <node id="ID249" name="instance_79">
                    <matrix>1.0000000 0.0000000 0.0000000 915.8875452 0.0000000 1.0000000 0.0000000 422.2280851 0.0000000 0.0000000 1.0000000 -41.8761462 0.0000000 0.0000000 0.0000000 1.0000000</matrix>
                    <instance_node url="#ID154" />
                </node>
                <node id="ID250" name="instance_80">
                    <matrix>1.0000000 0.0000000 0.0000000 876.3734963 0.0000000 1.0000000 0.0000000 440.5286587 0.0000000 0.0000000 1.0000000 -41.5076034 0.0000000 0.0000000 0.0000000 1.0000000</matrix>
                    <instance_node url="#ID154" />
                </node>
                <node id="ID251" name="instance_81">
                    <matrix>1.0000000 0.0000000 0.0000000 863.3167819 0.0000000 1.0000000 0.0000000 415.7506568 0.0000000 0.0000000 1.0000000 -41.5076034 0.0000000 0.0000000 0.0000000 1.0000000</matrix>
                    <instance_node url="#ID154" />
                </node>
                <node id="ID252" name="instance_82">
                    <matrix>1.0000000 0.0000000 0.0000000 930.1223684 0.0000000 1.0000000 0.0000000 412.0698522 0.0000000 0.0000000 1.0000000 -40.1026154 0.0000000 0.0000000 0.0000000 1.0000000</matrix>
                    <instance_node url="#ID154" />
                </node>
                <node id="ID253" name="instance_83">
                    <matrix>1.0000000 0.0000000 0.0000000 908.6963884 0.0000000 1.0000000 0.0000000 443.4311990 0.0000000 0.0000000 1.0000000 -40.1026154 0.0000000 0.0000000 0.0000000 1.0000000</matrix>
                    <instance_node url="#ID154" />
                </node>
                <node id="ID254" name="instance_84">
                    <matrix>1.0000000 0.0000000 0.0000000 975.9309311 0.0000000 1.0000000 0.0000000 414.0232166 0.0000000 0.0000000 1.0000000 -40.1026154 0.0000000 0.0000000 0.0000000 1.0000000</matrix>
                    <instance_node url="#ID154" />
                </node>
                <node id="ID255" name="instance_85">
                    <matrix>1.0000000 0.0000000 0.0000000 954.4448792 0.0000000 1.0000000 0.0000000 396.4062050 0.0000000 0.0000000 1.0000000 -28.0351507 0.0000000 0.0000000 0.0000000 1.0000000</matrix>
                    <instance_node url="#ID154" />
                </node>
                <node id="ID256" name="instance_86">
                    <matrix>1.0000000 0.0000000 0.0000000 941.4341995 0.0000000 1.0000000 0.0000000 420.5006449 0.0000000 0.0000000 1.0000000 -40.1026154 0.0000000 0.0000000 0.0000000 1.0000000</matrix>
                    <instance_node url="#ID154" />
                </node>
                <node id="ID257" name="instance_87">
                    <matrix>1.0000000 0.0000000 0.0000000 947.9543590 0.0000000 1.0000000 0.0000000 448.1355219 0.0000000 0.0000000 1.0000000 -40.1026154 0.0000000 0.0000000 0.0000000 1.0000000</matrix>
                    <instance_node url="#ID154" />
                </node>
                <node id="ID258" name="instance_88">
                    <matrix>1.0000000 0.0000000 0.0000000 973.2415682 0.0000000 1.0000000 0.0000000 408.7877362 0.0000000 0.0000000 1.0000000 -24.4104579 0.0000000 0.0000000 0.0000000 1.0000000</matrix>
                    <instance_node url="#ID154" />
                </node>
                <node id="ID259" name="instance_89">
                    <matrix>1.0000000 0.0000000 0.0000000 591.0350212 0.0000000 1.0000000 0.0000000 1073.2774088 0.0000000 0.0000000 1.0000000 -33.0473851 0.0000000 0.0000000 0.0000000 1.0000000</matrix>
                    <instance_node url="#ID154" />
                </node>
                <node id="ID260" name="instance_90">
                    <matrix>1.0000000 0.0000000 0.0000000 594.4043174 0.0000000 1.0000000 0.0000000 1047.4995564 0.0000000 0.0000000 1.0000000 -30.0654459 0.0000000 0.0000000 0.0000000 1.0000000</matrix>
                    <instance_node url="#ID154" />
                </node>
                <node id="ID261" name="instance_91">
                    <matrix>1.0000000 0.0000000 0.0000000 595.3200787 0.0000000 1.0000000 0.0000000 1021.8789606 0.0000000 0.0000000 1.0000000 -30.0654459 0.0000000 0.0000000 0.0000000 1.0000000</matrix>
                    <instance_node url="#ID154" />
                </node>
                <node id="ID262" name="instance_92">
                    <matrix>1.0000000 0.0000000 0.0000000 578.3008858 0.0000000 1.0000000 0.0000000 1020.7785378 0.0000000 0.0000000 1.0000000 -30.0654459 0.0000000 0.0000000 0.0000000 1.0000000</matrix>
                    <instance_node url="#ID154" />
                </node>
                <node id="ID263" name="instance_93">
                    <matrix>1.0000000 0.0000000 0.0000000 595.9600205 0.0000000 1.0000000 0.0000000 999.8425582 0.0000000 0.0000000 1.0000000 -30.0654459 0.0000000 0.0000000 0.0000000 1.0000000</matrix>
                    <instance_node url="#ID154" />
                </node>
                <node id="ID264" name="instance_94">
                    <matrix>1.0000000 0.0000000 0.0000000 567.6285992 0.0000000 1.0000000 0.0000000 1003.1254642 0.0000000 0.0000000 1.0000000 -30.0654459 0.0000000 0.0000000 0.0000000 1.0000000</matrix>
                    <instance_node url="#ID154" />
                </node>
                <node id="ID265" name="instance_95">
                    <matrix>1.0000000 0.0000000 0.0000000 594.3044487 0.0000000 1.0000000 0.0000000 986.9985012 0.0000000 0.0000000 1.0000000 -30.0654459 0.0000000 0.0000000 0.0000000 1.0000000</matrix>
                    <instance_node url="#ID154" />
                </node>
                <node id="ID266" name="instance_96">
                    <matrix>1.0000000 0.0000000 0.0000000 582.1636939 0.0000000 1.0000000 0.0000000 991.2204066 0.0000000 0.0000000 1.0000000 -30.0654459 0.0000000 0.0000000 0.0000000 1.0000000</matrix>
                    <instance_node url="#ID154" />
                </node>
                <node id="ID267" name="instance_97">
                    <matrix>1.0000000 0.0000000 0.0000000 607.6355207 0.0000000 1.0000000 0.0000000 1030.2066290 0.0000000 0.0000000 1.0000000 -23.1167799 0.0000000 0.0000000 0.0000000 1.0000000</matrix>
                    <instance_node url="#ID154" />
                </node>
                <node id="ID268" name="instance_98">
                    <matrix>1.0000000 0.0000000 0.0000000 605.9527941 0.0000000 1.0000000 0.0000000 1005.2411973 0.0000000 0.0000000 1.0000000 -30.0654459 0.0000000 0.0000000 0.0000000 1.0000000</matrix>
                    <instance_node url="#ID154" />
                </node>
                <node id="ID269" name="instance_99">
                    <matrix>1.0000000 0.0000000 0.0000000 606.0934647 0.0000000 1.0000000 0.0000000 988.1949722 0.0000000 0.0000000 1.0000000 -30.0654459 0.0000000 0.0000000 0.0000000 1.0000000</matrix>
                    <instance_node url="#ID154" />
                </node>
                <node id="ID270" name="instance_100">
                    <matrix>1.0000000 0.0000000 0.0000000 595.8838237 0.0000000 1.0000000 0.0000000 968.9568918 0.0000000 0.0000000 1.0000000 -30.0654459 0.0000000 0.0000000 0.0000000 1.0000000</matrix>
                    <instance_node url="#ID154" />
                </node>
                <node id="ID271" name="instance_101">
                    <matrix>1.0000000 0.0000000 0.0000000 602.4582181 0.0000000 1.0000000 0.0000000 947.0021897 0.0000000 0.0000000 1.0000000 -30.0654459 0.0000000 0.0000000 0.0000000 1.0000000</matrix>
                    <instance_node url="#ID154" />
                </node>
                <node id="ID272" name="instance_102">
                    <matrix>1.0000000 0.0000000 0.0000000 587.0558144 0.0000000 1.0000000 0.0000000 955.6094615 0.0000000 0.0000000 1.0000000 -30.0654459 0.0000000 0.0000000 0.0000000 1.0000000</matrix>
                    <instance_node url="#ID154" />
                </node>
                <node id="ID273" name="instance_103">
                    <matrix>1.0000000 0.0000000 0.0000000 579.8689953 0.0000000 1.0000000 0.0000000 975.1093336 0.0000000 0.0000000 1.0000000 -30.0654459 0.0000000 0.0000000 0.0000000 1.0000000</matrix>
                    <instance_node url="#ID154" />
                </node>
                <node id="ID274" name="instance_104">
                    <matrix>1.0000000 0.0000000 0.0000000 610.0280399 0.0000000 1.0000000 0.0000000 1104.1247706 0.0000000 0.0000000 1.0000000 -30.0654459 0.0000000 0.0000000 0.0000000 1.0000000</matrix>
                    <instance_node url="#ID154" />
                </node>
                <node id="ID275" name="instance_105">
                    <matrix>1.0000000 0.0000000 0.0000000 596.9611128 0.0000000 1.0000000 0.0000000 1096.2530446 0.0000000 0.0000000 1.0000000 -30.0654459 0.0000000 0.0000000 0.0000000 1.0000000</matrix>
                    <instance_node url="#ID154" />
                </node>
                <node id="ID276" name="instance_106">
                    <matrix>1.0000000 0.0000000 0.0000000 627.2325506 0.0000000 1.0000000 0.0000000 1115.6391135 0.0000000 0.0000000 1.0000000 -30.0654459 0.0000000 0.0000000 0.0000000 1.0000000</matrix>
                    <instance_node url="#ID154" />
                </node>
                <node id="ID277" name="instance_107">
                    <matrix>1.0000000 0.0000000 0.0000000 621.6567536 0.0000000 1.0000000 0.0000000 1129.6206900 0.0000000 0.0000000 1.0000000 -30.0654459 0.0000000 0.0000000 0.0000000 1.0000000</matrix>
                    <instance_node url="#ID154" />
                </node>
                <node id="ID278" name="instance_108">
                    <matrix>1.0000000 0.0000000 0.0000000 606.1435493 0.0000000 1.0000000 0.0000000 1118.3692798 0.0000000 0.0000000 1.0000000 -30.0654459 0.0000000 0.0000000 0.0000000 1.0000000</matrix>
                    <instance_node url="#ID154" />
                </node>
                <node id="ID279" name="instance_109">
                    <matrix>1.0000000 0.0000000 0.0000000 581.5058435 0.0000000 1.0000000 0.0000000 1055.9205343 0.0000000 0.0000000 1.0000000 -30.0654459 0.0000000 0.0000000 0.0000000 1.0000000</matrix>
                    <instance_node url="#ID154" />
                </node>
                <node id="ID280" name="instance_110">
                    <matrix>1.0000000 0.0000000 0.0000000 570.4079179 0.0000000 1.0000000 0.0000000 1050.0579174 0.0000000 0.0000000 1.0000000 -30.0654459 0.0000000 0.0000000 0.0000000 1.0000000</matrix>
                    <instance_node url="#ID154" />
                </node>
                <node id="ID281" name="instance_111">
                    <matrix>1.0000000 0.0000000 0.0000000 585.8278928 0.0000000 1.0000000 0.0000000 1093.4347313 0.0000000 0.0000000 1.0000000 -30.0654459 0.0000000 0.0000000 0.0000000 1.0000000</matrix>
                    <instance_node url="#ID154" />
                </node>
                <node id="ID282" name="instance_112">
                    <matrix>1.0000000 0.0000000 0.0000000 590.3541677 0.0000000 1.0000000 0.0000000 1064.4612412 0.0000000 0.0000000 1.0000000 -25.2822994 0.0000000 0.0000000 0.0000000 1.0000000</matrix>
                    <instance_node url="#ID154" />
                </node>
                <node id="ID283" name="instance_113">
                    <matrix>1.0000000 0.0000000 0.0000000 986.4977299 0.0000000 1.0000000 0.0000000 1433.3670171 0.0000000 0.0000000 1.0000000 -36.0654459 0.0000000 0.0000000 0.0000000 1.0000000</matrix>
                    <instance_node url="#ID154" />
                </node>
                <node id="ID284" name="instance_114">
                    <matrix>1.0000000 0.0000000 0.0000000 975.1610976 0.0000000 1.0000000 0.0000000 1395.1431962 0.0000000 0.0000000 1.0000000 -38.3154459 0.0000000 0.0000000 0.0000000 1.0000000</matrix>
                    <instance_node url="#ID154" />
                </node>
                <node id="ID285" name="instance_115">
                    <matrix>1.0000000 0.0000000 0.0000000 1009.8906846 0.0000000 1.0000000 0.0000000 1407.8166624 0.0000000 0.0000000 1.0000000 -28.3154459 0.0000000 0.0000000 0.0000000 1.0000000</matrix>
                    <instance_node url="#ID154" />
                </node>
                <node id="ID286" name="instance_116">
                    <matrix>1.0000000 0.0000000 0.0000000 1010.4258664 0.0000000 1.0000000 0.0000000 1382.2470966 0.0000000 0.0000000 1.0000000 -28.3154459 0.0000000 0.0000000 0.0000000 1.0000000</matrix>
                    <instance_node url="#ID154" />
                </node>
                <node id="ID287" name="instance_117">
                    <matrix>1.0000000 0.0000000 0.0000000 997.8603627 0.0000000 1.0000000 0.0000000 1371.4258249 0.0000000 0.0000000 1.0000000 -28.3154459 0.0000000 0.0000000 0.0000000 1.0000000</matrix>
                    <instance_node url="#ID154" />
                </node>
                <node id="ID288" name="instance_118">
                    <matrix>1.0000000 0.0000000 0.0000000 991.2700068 0.0000000 1.0000000 0.0000000 1355.9516827 0.0000000 0.0000000 1.0000000 -28.3154459 0.0000000 0.0000000 0.0000000 1.0000000</matrix>
                    <instance_node url="#ID154" />
                </node>
                <node id="ID289" name="instance_119">
                    <matrix>1.0000000 0.0000000 0.0000000 983.9360836 0.0000000 1.0000000 0.0000000 1366.7918389 0.0000000 0.0000000 1.0000000 -37.8154459 0.0000000 0.0000000 0.0000000 1.0000000</matrix>
                    <instance_node url="#ID154" />
                </node>
                <node id="ID290" name="instance_120">
                    <matrix>1.0000000 0.0000000 0.0000000 1012.5022649 0.0000000 1.0000000 0.0000000 1432.4134449 0.0000000 0.0000000 1.0000000 -28.3154459 0.0000000 0.0000000 0.0000000 1.0000000</matrix>
                    <instance_node url="#ID154" />
                </node>
                <node id="ID291" name="instance_121">
                    <matrix>1.0000000 0.0000000 0.0000000 1013.2673094 0.0000000 1.0000000 0.0000000 1462.8802994 0.0000000 0.0000000 1.0000000 -32.3065131 0.0000000 0.0000000 0.0000000 1.0000000</matrix>
                    <instance_node url="#ID154" />
                </node>
                <node id="ID292" name="instance_122">
                    <matrix>1.0000000 0.0000000 0.0000000 1012.9657358 0.0000000 1.0000000 0.0000000 1452.1940958 0.0000000 0.0000000 1.0000000 -28.3154459 0.0000000 0.0000000 0.0000000 1.0000000</matrix>
                    <instance_node url="#ID154" />
                </node>
                <node id="ID293" name="instance_123">
                    <matrix>1.0000000 0.0000000 0.0000000 997.4092915 0.0000000 1.0000000 0.0000000 1448.0378291 0.0000000 0.0000000 1.0000000 -28.3154459 0.0000000 0.0000000 0.0000000 1.0000000</matrix>
                    <instance_node url="#ID154" />
                </node>
                <node id="ID294" name="instance_124">
                    <matrix>1.0000000 0.0000000 0.0000000 994.8431379 0.0000000 1.0000000 0.0000000 1407.2280525 0.0000000 0.0000000 1.0000000 -28.3154459 0.0000000 0.0000000 0.0000000 1.0000000</matrix>
                    <instance_node url="#ID154" />
                </node>
                <node id="ID295" name="instance_125">
                    <matrix>1.0000000 0.0000000 0.0000000 977.0048710 0.0000000 1.0000000 0.0000000 1418.1800282 0.0000000 0.0000000 1.0000000 -28.3154459 0.0000000 0.0000000 0.0000000 1.0000000</matrix>
                    <instance_node url="#ID154" />
                </node>
                <node id="ID296" name="instance_126">
                    <matrix>1.0000000 0.0000000 0.0000000 989.0922111 0.0000000 1.0000000 0.0000000 1475.1777168 0.0000000 0.0000000 1.0000000 -37.0654459 0.0000000 0.0000000 0.0000000 1.0000000</matrix>
                    <instance_node url="#ID154" />
                </node>
                <node id="ID297" name="instance_127">
                    <matrix>1.0000000 0.0000000 0.0000000 976.9091724 0.0000000 1.0000000 0.0000000 1458.3136970 0.0000000 0.0000000 1.0000000 -35.8154459 0.0000000 0.0000000 0.0000000 1.0000000</matrix>
                    <instance_node url="#ID154" />
                </node>
                <node id="ID298" name="instance_128">
                    <matrix>0.3826834 0.9238795 0.0000000 1077.2800876 -0.9238795 0.3826834 0.0000000 2005.8007118 0.0000000 -0.0000000 1.0000000 -23.3154459 0.0000000 0.0000000 0.0000000 1.0000000</matrix>
                    <instance_node url="#ID154" />
                </node>
                <node id="ID299" name="instance_129">
                    <matrix>0.3826834 0.9238795 0.0000000 1058.5831455 -0.9238795 0.3826834 0.0000000 2019.3598717 0.0000000 -0.0000000 1.0000000 -33.3154459 0.0000000 0.0000000 0.0000000 1.0000000</matrix>
                    <instance_node url="#ID154" />
                </node>
                <node id="ID300" name="instance_130">
                    <matrix>0.3826834 0.9238795 0.0000000 1107.3062115 -0.9238795 0.3826834 0.0000000 1999.1238382 0.0000000 -0.0000000 1.0000000 -23.3154459 0.0000000 0.0000000 0.0000000 1.0000000</matrix>
                    <instance_node url="#ID154" />
                </node>
                <node id="ID301" name="instance_131">
                    <matrix>0.3826834 0.9238795 0.0000000 1080.5719847 -0.9238795 0.3826834 0.0000000 2026.4722612 0.0000000 -0.0000000 1.0000000 -23.3154459 0.0000000 0.0000000 0.0000000 1.0000000</matrix>
                    <instance_node url="#ID154" />
                </node>
                <node id="ID302" name="instance_132">
                    <matrix>0.3826834 0.9238795 0.0000000 1083.5823391 -0.9238795 0.3826834 0.0000000 1992.1238426 0.0000000 -0.0000000 1.0000000 -23.3154459 0.0000000 0.0000000 0.0000000 1.0000000</matrix>
                    <instance_node url="#ID154" />
                </node>
                <node id="ID303" name="instance_133">
                    <matrix>0.3826834 0.9238795 0.0000000 1115.9654295 -0.9238795 0.3826834 0.0000000 2019.0471204 0.0000000 -0.0000000 1.0000000 -23.3154459 0.0000000 0.0000000 0.0000000 1.0000000</matrix>
                    <instance_node url="#ID154" />
                </node>
                <node id="ID304" name="instance_134">
                    <matrix>0.3826834 0.9238795 0.0000000 1125.7585127 -0.9238795 0.3826834 0.0000000 2006.2653743 0.0000000 -0.0000000 1.0000000 -23.3154459 0.0000000 0.0000000 0.0000000 1.0000000</matrix>
                    <instance_node url="#ID154" />
                </node>
                <node id="ID305" name="instance_135">
                    <matrix>0.3826834 0.9238795 0.0000000 1098.2356927 -0.9238795 0.3826834 0.0000000 2023.5138122 0.0000000 -0.0000000 1.0000000 -31.0654459 0.0000000 0.0000000 0.0000000 1.0000000</matrix>
                    <instance_node url="#ID154" />
                </node>
                <node id="ID306" name="instance_136">
                    <matrix>0.3826834 0.9238795 0.0000000 1117.6140375 -0.9238795 0.3826834 0.0000000 2041.9191653 0.0000000 -0.0000000 1.0000000 -30.8154459 0.0000000 0.0000000 0.0000000 1.0000000</matrix>
                    <instance_node url="#ID154" />
                </node>
                <node id="ID307" name="instance_137">
                    <matrix>0.3826834 0.9238795 0.0000000 1137.8566073 -0.9238795 0.3826834 0.0000000 2037.1170862 0.0000000 -0.0000000 1.0000000 -32.0654459 0.0000000 0.0000000 0.0000000 1.0000000</matrix>
                    <instance_node url="#ID154" />
                </node>
                <node id="ID308" name="instance_138">
                    <matrix>0.3826834 0.9238795 0.0000000 1060.1639458 -0.9238795 0.3826834 0.0000000 1981.8443499 0.0000000 -0.0000000 1.0000000 -23.3154459 0.0000000 0.0000000 0.0000000 1.0000000</matrix>
                    <instance_node url="#ID154" />
                </node>
                <node id="ID309" name="instance_139">
                    <matrix>0.3826834 0.9238795 0.0000000 1135.7466847 -0.9238795 0.3826834 0.0000000 2010.0761897 0.0000000 -0.0000000 1.0000000 -27.3065131 0.0000000 0.0000000 0.0000000 1.0000000</matrix>
                    <instance_node url="#ID154" />
                </node>
                <node id="ID310" name="instance_140">
                    <matrix>0.3826834 0.9238795 0.0000000 1045.3577843 -0.9238795 0.3826834 0.0000000 1989.3122402 0.0000000 -0.0000000 1.0000000 -23.3154459 0.0000000 0.0000000 0.0000000 1.0000000</matrix>
                    <instance_node url="#ID154" />
                </node>
                <node id="ID311" name="instance_141">
                    <matrix>0.3826834 0.9238795 0.0000000 1102.6162542 -0.9238795 0.3826834 0.0000000 2057.2958198 0.0000000 -0.0000000 1.0000000 -23.3154459 0.0000000 0.0000000 0.0000000 1.0000000</matrix>
                    <instance_node url="#ID154" />
                </node>
                <node id="ID312" name="instance_142">
                    <matrix>0.3826834 0.9238795 0.0000000 1035.4408870 -0.9238795 0.3826834 0.0000000 2070.3903171 0.0000000 -0.0000000 1.0000000 -33.3154459 0.0000000 0.0000000 0.0000000 1.0000000</matrix>
                    <instance_node url="#ID154" />
                </node>
                <node id="ID313" name="instance_143">
                    <matrix>0.3826834 0.9238795 0.0000000 1112.6044262 -0.9238795 0.3826834 0.0000000 2061.1066351 0.0000000 -0.0000000 1.0000000 -27.3065131 0.0000000 0.0000000 0.0000000 1.0000000</matrix>
                    <instance_node url="#ID154" />
                </node>
                <node id="ID314" name="instance_144">
                    <matrix>0.3826834 0.9238795 0.0000000 1022.2155258 -0.9238795 0.3826834 0.0000000 2040.3426857 0.0000000 -0.0000000 1.0000000 -23.3154459 0.0000000 0.0000000 0.0000000 1.0000000</matrix>
                    <instance_node url="#ID154" />
                </node>
                <node id="ID315" name="instance_145">
                    <matrix>0.3826834 0.9238795 0.0000000 1057.4297262 -0.9238795 0.3826834 0.0000000 2077.5027066 0.0000000 -0.0000000 1.0000000 -23.3154459 0.0000000 0.0000000 0.0000000 1.0000000</matrix>
                    <instance_node url="#ID154" />
                </node>
                <node id="ID316" name="instance_146">
                    <matrix>0.3826834 0.9238795 0.0000000 1054.1378291 -0.9238795 0.3826834 0.0000000 2056.8311572 0.0000000 -0.0000000 1.0000000 -23.3154459 0.0000000 0.0000000 0.0000000 1.0000000</matrix>
                    <instance_node url="#ID154" />
                </node>
                <node id="ID317" name="instance_147">
                    <matrix>0.3826834 0.9238795 0.0000000 1094.4717790 -0.9238795 0.3826834 0.0000000 2092.9496107 0.0000000 -0.0000000 1.0000000 -30.8154459 0.0000000 0.0000000 0.0000000 1.0000000</matrix>
                    <instance_node url="#ID154" />
                </node>
                <node id="ID318" name="instance_148">
                    <matrix>0.3826834 0.9238795 0.0000000 1114.7143488 -0.9238795 0.3826834 0.0000000 2088.1475316 0.0000000 -0.0000000 1.0000000 -32.0654459 0.0000000 0.0000000 0.0000000 1.0000000</matrix>
                    <instance_node url="#ID154" />
                </node>
                <node id="ID319" name="instance_149">
                    <matrix>0.3826834 0.9238795 0.0000000 1037.0216873 -0.9238795 0.3826834 0.0000000 2032.8747953 0.0000000 -0.0000000 1.0000000 -23.3154459 0.0000000 0.0000000 0.0000000 1.0000000</matrix>
                    <instance_node url="#ID154" />
                </node>
                <node id="ID320" name="instance_150">
                    <matrix>0.3826834 0.9238795 0.0000000 1075.0934342 -0.9238795 0.3826834 0.0000000 2074.5442576 0.0000000 -0.0000000 1.0000000 -31.0654459 0.0000000 0.0000000 0.0000000 1.0000000</matrix>
                    <instance_node url="#ID154" />
                </node>
                <node id="ID321" name="instance_151">
                    <matrix>0.3826834 0.9238795 0.0000000 1092.8231710 -0.9238795 0.3826834 0.0000000 2070.0775659 0.0000000 -0.0000000 1.0000000 -23.3154459 0.0000000 0.0000000 0.0000000 1.0000000</matrix>
                    <instance_node url="#ID154" />
                </node>
                <node id="ID322" name="instance_152">
                    <matrix>0.3826834 0.9238795 0.0000000 1060.4400806 -0.9238795 0.3826834 0.0000000 2043.1542880 0.0000000 -0.0000000 1.0000000 -23.3154459 0.0000000 0.0000000 0.0000000 1.0000000</matrix>
                    <instance_node url="#ID154" />
                </node>
                <node id="ID323" name="instance_153">
                    <matrix>0.3826834 0.9238795 0.0000000 1084.1639530 -0.9238795 0.3826834 0.0000000 2050.1542837 0.0000000 -0.0000000 1.0000000 -23.3154459 0.0000000 0.0000000 0.0000000 1.0000000</matrix>
                    <instance_node url="#ID154" />
                </node>
                <node id="ID324" name="instance_154">
                    <matrix>0.3826834 0.9238795 0.0000000 1604.8268848 -0.9238795 0.3826834 0.0000000 2536.4743416 0.0000000 -0.0000000 1.0000000 -24.0581316 0.0000000 0.0000000 0.0000000 1.0000000</matrix>
                    <instance_node url="#ID154" />
                </node>
                <node id="ID325" name="instance_155">
                    <matrix>0.3826834 0.9238795 0.0000000 1581.6846263 -0.9238795 0.3826834 0.0000000 2587.5047871 0.0000000 -0.0000000 1.0000000 -24.0581316 0.0000000 0.0000000 0.0000000 1.0000000</matrix>
                    <instance_node url="#ID154" />
                </node>
                <node id="ID326" name="instance_156">
                    <matrix>0.3826834 0.9238795 0.0000000 1552.6625392 -0.9238795 0.3826834 0.0000000 2518.5219945 0.0000000 -0.0000000 1.0000000 -20.0670645 0.0000000 0.0000000 0.0000000 1.0000000</matrix>
                    <instance_node url="#ID154" />
                </node>
                <node id="ID327" name="instance_157">
                    <matrix>0.3826834 0.9238795 0.0000000 1542.7477750 -0.9238795 0.3826834 0.0000000 2632.2874340 0.0000000 -0.0000000 1.0000000 -27.5670645 0.0000000 0.0000000 0.0000000 1.0000000</matrix>
                    <instance_node url="#ID154" />
                </node>
                <node id="ID328" name="instance_158">
                    <matrix>0.3826834 0.9238795 0.0000000 1504.5210871 -0.9238795 0.3826834 0.0000000 2596.7884691 0.0000000 -0.0000000 1.0000000 -30.0670645 0.0000000 0.0000000 0.0000000 1.0000000</matrix>
                    <instance_node url="#ID154" />
                </node>
                <node id="ID329" name="instance_159">
                    <matrix>0.3826834 0.9238795 0.0000000 1585.0456296 -0.9238795 0.3826834 0.0000000 2545.4452724 0.0000000 -0.0000000 1.0000000 -20.0670645 0.0000000 0.0000000 0.0000000 1.0000000</matrix>
                    <instance_node url="#ID154" />
                </node>
                <node id="ID330" name="instance_160">
                    <matrix>0.3826834 0.9238795 0.0000000 1529.5202807 -0.9238795 0.3826834 0.0000000 2569.5524400 0.0000000 -0.0000000 1.0000000 -20.0670645 0.0000000 0.0000000 0.0000000 1.0000000</matrix>
                    <instance_node url="#ID154" />
                </node>
                <node id="ID331" name="instance_161">
                    <matrix>0.3826834 0.9238795 0.0000000 1571.6964543 -0.9238795 0.3826834 0.0000000 2583.6939717 0.0000000 -0.0000000 1.0000000 -20.0670645 0.0000000 0.0000000 0.0000000 1.0000000</matrix>
                    <instance_node url="#ID154" />
                </node>
                <node id="ID332" name="instance_162">
                    <matrix>0.3826834 0.9238795 0.0000000 1523.2180292 -0.9238795 0.3826834 0.0000000 2583.2293092 0.0000000 -0.0000000 1.0000000 -20.0670645 0.0000000 0.0000000 0.0000000 1.0000000</matrix>
                    <instance_node url="#ID154" />
                </node>
                <node id="ID333" name="instance_163">
                    <matrix>0.3826834 0.9238795 0.0000000 1523.3694302 -0.9238795 0.3826834 0.0000000 2613.8820809 0.0000000 -0.0000000 1.0000000 -27.8170645 0.0000000 0.0000000 0.0000000 1.0000000</matrix>
                    <instance_node url="#ID154" />
                </node>
                <node id="ID334" name="instance_164">
                    <matrix>0.3826834 0.9238795 0.0000000 1594.8387128 -0.9238795 0.3826834 0.0000000 2532.6635263 0.0000000 -0.0000000 1.0000000 -20.0670645 0.0000000 0.0000000 0.0000000 1.0000000</matrix>
                    <instance_node url="#ID154" />
                </node>
                <node id="ID335" name="instance_165">
                    <matrix>0.3826834 0.9238795 0.0000000 1553.2441531 -0.9238795 0.3826834 0.0000000 2576.5524356 0.0000000 -0.0000000 1.0000000 -20.0670645 0.0000000 0.0000000 0.0000000 1.0000000</matrix>
                    <instance_node url="#ID154" />
                </node>
                <node id="ID336" name="instance_166">
                    <matrix>0.3826834 0.9238795 0.0000000 1551.4021847 -0.9238795 0.3826834 0.0000000 2552.8704131 0.0000000 -0.0000000 1.0000000 -20.0670645 0.0000000 0.0000000 0.0000000 1.0000000</matrix>
                    <instance_node url="#ID154" />
                </node>
                <node id="ID337" name="instance_167">
                    <matrix>0.3826834 0.9238795 0.0000000 1606.9368074 -0.9238795 0.3826834 0.0000000 2563.5152381 0.0000000 -0.0000000 1.0000000 -28.8170645 0.0000000 0.0000000 0.0000000 1.0000000</matrix>
                    <instance_node url="#ID154" />
                </node>
                <node id="ID338" name="instance_168">
                    <matrix>0.3826834 0.9238795 0.0000000 1505.7057222 -0.9238795 0.3826834 0.0000000 2616.8405299 0.0000000 -0.0000000 1.0000000 -20.0670645 0.0000000 0.0000000 0.0000000 1.0000000</matrix>
                    <instance_node url="#ID154" />
                </node>
                <node id="ID339" name="instance_169">
                    <matrix>0.3826834 0.9238795 0.0000000 1569.0658928 -0.9238795 0.3826834 0.0000000 2549.9119641 0.0000000 -0.0000000 1.0000000 -27.8170645 0.0000000 0.0000000 0.0000000 1.0000000</matrix>
                    <instance_node url="#ID154" />
                </node>
                <node id="ID340" name="instance_170">
